# jejak SM-2 dari Swift — ind323-ai-lab .Deckyx
# jangan disunting tangan; hasilkan ulang dengan 'aikit-cli jadwal'
== sempurna
5	1	1	4004cccccccccccd
5	2	6	400599999999999a
5	3	16	4006666666666667
5	4	45	4007333333333334
5	5	131	4008000000000001
5	6	393	4008ccccccccccce
5	7	1218	400999999999999b
5	8	3898	400a666666666668
5	9	12863	400b333333333335
5	10	43734	400c000000000002
5	11	153069	400ccccccccccccf
5	12	551048	400d99999999999c
== lancar
4	1	1	4004000000000000
4	2	6	4004000000000000
4	3	15	4004000000000000
4	4	38	4004000000000000
4	5	95	4004000000000000
4	6	238	4004000000000000
4	7	595	4004000000000000
4	8	1488	4004000000000000
4	9	3720	4004000000000000
4	10	9300	4004000000000000
4	11	23250	4004000000000000
4	12	58125	4004000000000000
== pas-pasan
3	1	1	4002e147ae147ae1
3	2	6	4001c28f5c28f5c2
3	3	13	4000a3d70a3d70a3
3	4	27	3fff0a3d70a3d709
3	5	52	3ffccccccccccccc
3	6	94	3ffa8f5c28f5c28f
3	7	156	3ff851eb851eb852
3	8	237	3ff6147ae147ae15
3	9	327	3ff4cccccccccccd
3	10	425	3ff4cccccccccccd
3	11	553	3ff4cccccccccccd
3	12	719	3ff4cccccccccccd
== tersandung
5	1	1	4004cccccccccccd
5	2	6	400599999999999a
5	3	16	4006666666666667
5	4	45	4007333333333334
2	0	1	4004a3d70a3d70a4
5	1	1	400570a3d70a3d71
5	2	6	40063d70a3d70a3e
5	3	17	40070a3d70a3d70b
5	4	49	4007d70a3d70a3d8
4	5	146	4007d70a3d70a3d8
4	6	435	4007d70a3d70a3d8
4	7	1296	4007d70a3d70a3d8
== berkali-salah
0	0	1	3ffb333333333334
0	0	1	3ff4cccccccccccd
0	0	1	3ff4cccccccccccd
0	0	1	3ff4cccccccccccd
0	0	1	3ff4cccccccccccd
0	0	1	3ff4cccccccccccd
0	0	1	3ff4cccccccccccd
0	0	1	3ff4cccccccccccd
0	0	1	3ff4cccccccccccd
0	0	1	3ff4cccccccccccd
5	1	1	3ff6666666666667
5	2	6	3ff8000000000001
5	3	9	3ff999999999999b
5	4	14	3ffb333333333335
5	5	24	3ffccccccccccccf
5	6	43	3ffe666666666669
== selang-seling
5	1	1	4004cccccccccccd
0	0	1	3ffcccccccccccce
5	1	1	3ffe666666666668
0	0	1	3ff4cccccccccccd
5	1	1	3ff6666666666667
0	0	1	3ff4cccccccccccd
4	1	1	3ff4cccccccccccd
3	2	6	3ff4cccccccccccd
4	3	8	3ff4cccccccccccd
3	4	10	3ff4cccccccccccd
5	5	13	3ff6666666666667
2	0	1	3ff4cccccccccccd
== di-luar-rentang
7	1	1	4004cccccccccccd
-3	0	1	3ffcccccccccccce
5	1	1	3ffe666666666668
9	2	6	4000000000000001
0	0	1	3ff4cccccccccccd
4	1	1	3ff4cccccccccccd
== mutu
1	0	90	5
0	0	90	2
1	1	90	5
0	1	90	2
1	30	90	5
0	30	90	2
1	31	90	4
0	31	90	2
1	60	90	4
0	60	90	2
1	61	90	3
0	61	90	2
1	89	90	3
0	89	90	2
1	90	90	3
0	90	90	0
1	95	90	3
0	95	90	0
1	0	60	5
0	0	60	2
1	1	60	5
0	1	60	2
1	20	60	5
0	20	60	2
1	21	60	4
0	21	60	2
1	40	60	4
0	40	60	2
1	41	60	3
0	41	60	2
1	59	60	3
0	59	60	2
1	60	60	3
0	60	60	0
1	65	60	3
0	65	60	0
1	0	1	5
0	0	1	2
1	1	1	3
0	1	1	0
1	0	1	5
0	0	1	2
1	1	1	3
0	1	1	0
1	0	1	5
0	0	1	2
1	1	1	3
0	1	1	0
1	0	1	5
0	0	1	2
1	1	1	3
0	1	1	0
1	6	1	3
0	6	1	0
1	0	0	3
0	0	0	0
1	1	0	3
0	1	0	0
1	0	0	3
0	0	0	0
1	1	0	3
0	1	0	0
1	0	0	3
0	0	0	0
1	1	0	3
0	1	0	0
1	-1	0	3
0	-1	0	2
1	0	0	3
0	0	0	0
1	5	0	3
0	5	0	0
